#    1:k (h/Mpc)              2:d_g                    3:d_b                    4:d_cdm                  5:d_ur                   6:d_tot                  7:phi                    8:psi                
       1.010237220735e-05      -1.314562994514e-03      -9.864446362480e-04      -9.864446723966e-04      -1.314552308318e-03      -9.865493294720e-04       4.626431344844e-01       4.624876898120e-01 
       1.271813309124e-05      -2.082794642420e-03      -1.563407980881e-03      -1.563408071677e-03      -2.082767806901e-03      -1.563573732017e-03       4.626425782633e-01       4.624872032832e-01 
       1.601118093914e-05      -3.299382079412e-03      -2.477831410273e-03      -2.477831638327e-03      -3.299314699285e-03      -2.478093665134e-03       4.626417490881e-01       4.624864845002e-01 
       2.015688255712e-05      -5.225087882490e-03      -3.927089249173e-03      -3.927089821946e-03      -5.224918741631e-03      -3.927503783031e-03       4.626403517914e-01       4.624852620695e-01 
       2.537601167371e-05      -8.270967382851e-03      -6.223995464798e-03      -6.223996903286e-03      -8.270542953437e-03      -6.224649666250e-03       4.626381945765e-01       4.624833816893e-01 
       3.194650594602e-05      -1.308291752237e-02      -9.864313078279e-03      -9.864316690548e-03      -1.308185313190e-02      -9.865342919862e-03       4.626347380525e-01       4.624803631614e-01 
       4.021826815348e-05      -2.067066512096e-02      -1.563374484761e-02      -1.563375391700e-02      -2.066799838312e-02      -1.563535950449e-02       4.626292705394e-01       4.624755879332e-01 
       5.063179979677e-05      -3.259971530497e-02      -2.477746695066e-02      -2.477748971592e-02      -3.259304409277e-02      -2.477998215297e-02       4.626205620978e-01       4.624679721067e-01 
       6.374165940903e-05      -5.126480257736e-02      -3.926876761775e-02      -3.926882473295e-02      -5.124815351937e-02      -3.927264450018e-02       4.626068391117e-01       4.624559688173e-01 
       8.024599481995e-05      -8.024807784543e-02      -6.223461696682e-02      -6.223476017052e-02      -8.020668519261e-02      -6.224048935039e-02       4.625851544565e-01       4.624369802903e-01 
       1.010237220735e-04      -1.247064062127e-01      -9.862974209297e-02      -9.863010075967e-02      -1.246041158153e-01      -9.863837702186e-02       4.625509526216e-01       4.624069784162e-01 
       1.271813309124e-04      -1.915644800680e-01      -1.563038886527e-01      -1.563047854452e-01      -1.913141190166e-01      -1.563159295501e-01       4.624971578133e-01       4.623596597581e-01 
       1.601118093914e-04      -2.888873003445e-01      -2.476906851346e-01      -2.476929214397e-01      -2.882838693356e-01      -2.477058076863e-01       4.624129166168e-01       4.622852426582e-01 
       2.015688255712e-04      -4.229934797364e-01      -3.924778486444e-01      -3.924834018581e-01      -4.215744604321e-01      -3.924925141572e-01       4.622818825775e-01       4.621687241081e-01 
       2.537601167371e-04      -5.907107310077e-01      -6.218235294513e-01      -6.218372287125e-01      -5.875040281435e-01      -6.218258099222e-01       4.620801284761e-01       4.619875165243e-01 
       3.194650594602e-04      -7.642071548972e-01      -9.850016642808e-01      -9.850351140167e-01      -7.574178527496e-01      -9.849611725594e-01       4.617741170891e-01       4.617085888878e-01 
       4.021826815348e-04      -8.733730484283e-01      -1.559848671961e+00      -1.559929068350e+00      -8.604847170657e-01      -1.559702102483e+00       4.613196239822e-01       4.612856794976e-01 
       5.063179979677e-04      -8.186530897687e-01      -2.469131229198e+00      -2.469319895857e+00      -7.984441791492e-01      -2.468775976318e+00       4.606623935243e-01       4.606577949023e-01 
       6.374165940903e-04      -5.837048139165e-01      -3.906088127447e+00      -3.906515533033e+00      -5.618520669887e-01      -3.905419346504e+00       4.597381999020e-01       4.597498385008e-01 
       8.024599481995e-04      -3.984330567899e-01      -6.174097663837e+00      -6.175018678112e+00      -3.902443263493e-01      -6.173102957034e+00       4.584624296473e-01       4.584717063898e-01 
       1.010237220735e-03      -4.416527678916e-01      -9.747876547935e+00      -9.749732891460e+00      -4.496934137352e-01      -9.746619640244e+00       4.567017342058e-01       4.567034339982e-01 
       1.271813309124e-03      -2.835357057693e-01      -1.536692130736e+01      -1.537036733365e+01      -2.788870747840e-01      -1.536528475905e+01       4.542628527594e-01       4.542658603736e-01 
       1.601118093914e-03      -2.243917800386e-01      -2.417620296258e+01      -2.418206559226e+01      -2.148143310550e-01      -2.417396370121e+01       4.509264889995e-01       4.509277092807e-01 
       2.015688255712e-03      -6.286706228663e-02      -3.793453219170e+01      -3.794393690976e+01      -6.672957261432e-02      -3.793111839238e+01       4.464252453676e-01       4.464265669133e-01 
       2.537601167371e-03      -4.347561412140e-02      -5.931611744332e+01      -5.933159487962e+01      -2.981982231193e-02      -5.931147057922e+01       4.404420304128e-01       4.404426241878e-01 
       3.194650594602e-03       1.686118819480e-02      -9.233749969729e+01      -9.236524083523e+01      -3.123211078867e-03      -9.233360513859e+01       4.326213416751e-01       4.326218344632e-01 
       4.021826815348e-03       8.813351284778e-02      -1.429426375064e+02      -1.429938403106e+02      -2.390324152719e-01      -1.429442368105e+02       4.225845480025e-01       4.225848703092e-01 
       5.063179979677e-03       2.650734637577e-01      -2.197549225137e+02      -2.198528187035e+02       2.668357002998e-01      -2.197749459905e+02       4.099440463340e-01       4.099440463340e-01 
       6.374165940903e-03       2.550247234481e-01      -3.349771818184e+02      -3.351739972672e+02       2.567198728003e-01      -3.350516026820e+02       3.943279757832e-01       3.943279757832e-01 
       8.024599481995e-03       2.428027426437e-01      -5.053405818230e+02      -5.057506180869e+02       2.444166050328e-01      -5.055571329712e+02       3.754186200824e-01       3.754186200824e-01 
       1.010237220735e-02       2.282822875788e-01      -7.527178179148e+02      -7.535933364661e+02       2.297995361084e-01      -7.532843757729e+02       3.529427966069e-01       3.529427966069e-01 
       1.271813309124e-02       2.112662776020e-01      -1.103823517863e+03      -1.105708319143e+03       2.126707727177e-01      -1.105208070200e+03       3.267302023997e-01       3.267302023997e-01 
       1.601118093906e-02       1.918859624080e-01      -1.587628282109e+03      -1.591641207619e+03       1.931615091982e-01      -1.590819435478e+03       2.967331325854e-01       2.967331325854e-01 
       2.015688217816e-02       1.702373863385e-01      -2.229950753225e+03      -2.238181282493e+03       1.713690035757e-01      -2.236823253021e+03       2.632550961256e-01       2.632550961256e-01 
       2.537578023866e-02       1.469512651470e-01      -3.046943550159e+03      -3.062628781092e+03       1.479281488303e-01      -3.060424438549e+03       2.272660964798e-01       2.272660964798e-01 
       3.191973335358e-02       1.235016458196e-01      -4.046882073425e+03      -4.073138868175e+03       1.243226481580e-01      -4.069784963710e+03       1.910049987780e-01       1.910049987780e-01 
       3.946217182828e-02       1.034017032150e-01      -5.177169856057e+03      -5.212285227589e+03       1.040890763293e-01      -5.207874772599e+03       1.599154166045e-01       1.599154166045e-01 
       4.554288150601e-02       9.144865228893e-02      -6.103378980427e+03      -6.140308442836e+03       9.205664653468e-02      -6.135460020480e+03       1.414483488606e-01       1.414483488606e-01 
       5.001103555412e-02       8.444289906588e-02      -6.799541247937e+03      -6.835043168350e+03       8.500421614622e-02      -6.830084853314e+03       1.305828561009e-01       1.305828561009e-01 
       5.374054962037e-02       7.938406143700e-02      -7.384965562266e+03      -7.418433909762e+03       7.991170658468e-02      -7.413448640230e+03       1.227461368105e-01       1.227461368105e-01 
       5.709191111373e-02       7.526908197709e-02      -7.906798150143e+03      -7.938630483611e+03       7.576940199834e-02      -7.933607306939e+03       1.163893636476e-01       1.163893636476e-01 
       6.022935648316e-02       7.170010017293e-02      -8.384358553964e+03      -8.415476361767e+03       7.217667375826e-02      -8.410356997517e+03       1.108637945475e-01       1.108637945475e-01 
       6.324127752976e-02       6.843938312543e-02      -8.827114072339e+03      -8.858746819107e+03       6.889439824188e-02      -8.853445769192e+03       1.058529134473e-01       1.058529134473e-01 
       6.618131249851e-02       6.543050976418e-02      -9.239637481019e+03      -9.273174023636e+03       6.586544279685e-02      -9.267591807834e+03       1.011784211338e-01       1.011784211338e-01 
       6.908501384540e-02       6.257245274234e-02      -9.625829221707e+03      -9.662680569816e+03       6.298835482960e-02      -9.656714723242e+03       9.675055294971e-02       9.675055294971e-02 
       7.197761805006e-02       5.982332592902e-02      -9.989255539304e+03      -1.003072180896e+04       6.022103862714e-02      -1.002427744218e+04       9.252303887907e-02       9.252303887907e-02 
       7.487806543872e-02       5.721571002485e-02      -1.033324629178e+04      -1.038038318595e+04       5.759601484967e-02      -1.037338355109e+04       8.847141148856e-02       8.847141148856e-02 
       7.780125236768e-02       5.470830190405e-02      -1.066304756048e+04      -1.071654238581e+04       5.507195464878e-02      -1.070893800677e+04       8.459895122049e-02       8.459895122049e-02 
       8.075937448062e-02       5.232403520075e-02      -1.098424580833e+04      -1.104431430042e+04       5.267184230442e-02      -1.103609097081e+04       8.091352632709e-02       8.091352632709e-02 
       8.376276910312e-02       5.007004234098e-02      -1.130348377362e+04      -1.136980271107e+04       5.040286975673e-02      -1.136098645186e+04       7.742937240215e-02       7.742937240215e-02 
       8.682046562556e-02       4.795184034811e-02      -1.162782027891e+04      -1.169951562350e+04       4.827060850576e-02      -1.169017348209e+04       7.415978875437e-02       7.415978875437e-02 
       8.994055745224e-02       4.598467690952e-02      -1.196411886694e+04      -1.203981252129e+04       4.629035025786e-02      -1.203004896008e+04       7.111283517856e-02       7.111283517856e-02 
       9.313046048265e-02       4.415656993086e-02      -1.231839998269e+04      -1.239633683201e+04       4.445010275736e-02      -1.238628401551e+04       6.828876868993e-02       6.828876868993e-02 
       9.639709690800e-02       4.246664515644e-02      -1.269459472539e+04      -1.277284316398e+04       4.274894672589e-02      -1.276264586981e+04       6.567567686524e-02       6.567567686524e-02 
       9.974702834454e-02       4.089955527494e-02      -1.309413669061e+04      -1.317084623759e+04       4.117143777343e-02      -1.316064241206e+04       6.325121975219e-02       6.325121975219e-02 
       1.031865536713e-01       3.943436263561e-02      -1.351495180227e+04      -1.358865031573e+04       3.969649356849e-02      -1.357854884037e+04       6.098161070491e-02       6.098161070491e-02 
       1.067217816968e-01       3.804377682722e-02      -1.395168871299e+04      -1.402156598139e+04       3.829664939993e-02      -1.401162543640e+04       5.882665205898e-02       5.882665205898e-02 
       1.103586855089e-01       3.669452149912e-02      -1.439599387665e+04      -1.446212490748e+04       3.693843961163e-02      -1.445233698538e+04       5.674358740808e-02       5.674358740808e-02 
       1.141031432797e-01       3.537082941789e-02      -1.483713260089e+04      -1.490057446558e+04       3.560592904817e-02      -1.489085712158e+04       5.469104567045e-02       5.469104567045e-02 
       1.179609689383e-01       3.404047085572e-02      -1.526500238062e+04      -1.532771572737e+04       3.426675016780e-02      -1.531791914448e+04       5.263987597667e-02       5.263987597667e-02 
       1.219379352335e-01       3.270722118224e-02      -1.567046892523e+04      -1.573503851051e+04       3.292461219277e-02      -1.572496674877e+04       5.057126402301e-02       5.057126402301e-02 
       1.260397911148e-01       3.135926621514e-02      -1.605018109785e+04      -1.611935215262e+04       3.156770265081e-02      -1.610879773240e+04       4.848858666950e-02       4.848858666950e-02 
       1.302722749635e-01       3.001390794158e-02      -1.640611175703e+04      -1.648220517025e+04       3.021340536624e-02      -1.647099332345e+04       4.640956983435e-02       4.640956983435e-02 
       1.346411249439e-01       2.869229820670e-02      -1.674785115084e+04      -1.683218207056e+04       2.888301633097e-02      -1.682021399177e+04       4.436779034452e-02       4.436779034452e-02 
       1.391520875730e-01       2.741976043336e-02      -1.709029067030e+04      -1.718275106005e+04       2.760202506569e-02      -1.717003501442e+04       4.240172011622e-02       4.240172011622e-02 
       1.438109254935e-01       2.621857478429e-02      -1.745139088537e+04      -1.755035379396e+04       2.639286615252e-02      -1.753701165983e+04       4.054745257818e-02       4.054745257818e-02 
       1.486234253656e-01       2.510681115055e-02      -1.784643463867e+04      -1.794907049829e+04       2.527370523402e-02      -1.793531376953e+04       3.882631665215e-02       3.882631665215e-02 
       1.535954067475e-01       2.408175516530e-02      -1.828364920807e+04      -1.838665799860e+04       2.424183141166e-02      -1.837273250855e+04       3.723994589872e-02       3.723994589872e-02 
       1.587327328078e-01       2.313148526807e-02      -1.876062647163e+04      -1.886122223089e+04       2.328524089958e-02      -1.884733419114e+04       3.576915581987e-02       3.576915581987e-02 
       1.640413236944e-01       2.222904489858e-02      -1.926317932694e+04      -1.936002231481e+04       2.237681942016e-02      -1.934626883166e+04       3.437814460257e-02       3.437814460257e-02 
       1.695271733738e-01       2.135690710290e-02      -1.976812363249e+04      -1.986185878271e+04       2.149886593138e-02      -1.984818842047e+04       3.302432716715e-02       3.302432716715e-02 
       1.751963707456e-01       2.048549981538e-02      -2.025299103687e+04      -2.034610965569e+04       2.062166308273e-02      -2.033233307479e+04       3.167588447648e-02       3.167588447648e-02 
       1.810551258339e-01       1.960596385517e-02      -2.070285321419e+04      -2.079881503256e+04       1.973629193696e-02      -2.078467156541e+04       3.031888757567e-02       3.031888757567e-02 
       1.871098018629e-01       1.872915925733e-02      -2.111608419580e+04      -2.121798475174e+04       1.885364796763e-02      -2.120324286428e+04       2.896015990800e-02       2.896015990800e-02 
       1.933669540344e-01       1.786929873407e-02      -2.151304034561e+04      -2.162227141761e+04       1.798807819433e-02      -2.160682694813e+04       2.763237580341e-02       2.763237580341e-02 
       1.998333758630e-01       1.705097023504e-02      -2.191982639714e+04      -2.203544444717e+04       1.716430995850e-02      -2.201936839458e+04       2.636698988262e-02       2.636698988262e-02 
       2.065161539778e-01       1.628838643045e-02      -2.236190245913e+04      -2.248113149944e+04       1.639665569705e-02      -2.246463071831e+04       2.518737872124e-02       2.518737872124e-02 
       2.134227324007e-01       1.558196169121e-02      -2.284874503780e+04      -2.296842385915e+04       1.568553530400e-02      -2.295173244840e+04       2.409494095181e-02       2.409494095181e-02 
       2.205609874542e-01       1.491645046160e-02      -2.336457341020e+04      -2.348284676962e+04       1.501560192300e-02      -2.346610125119e+04       2.306615948605e-02       2.306615948605e-02 
       2.279393146656e-01       1.427362440342e-02      -2.388079199438e+04      -2.399806655924e+04       1.436849954536e-02      -2.398123485652e+04       2.207114231537e-02       2.207114231537e-02 
       2.355667293319e-01       1.364207915116e-02      -2.437856773240e+04      -2.449715317823e+04       1.373275747052e-02      -2.448005970128e+04       2.109484377799e-02       2.109484377799e-02 
       2.434529828190e-01       1.302086662694e-02      -2.485165901049e+04      -2.497422394538e+04       1.310741779265e-02      -2.495666689360e+04       2.013483743417e-02       2.013483743417e-02 
       2.516086972178e-01       1.241547655712e-02      -2.530697840387e+04      -2.543481481197e+04       1.249800147439e-02      -2.541669834207e+04       1.919815887925e-02       1.919815887925e-02 
       2.600455217109e-01       1.183645565078e-02      -2.577023431584e+04      -2.590252394351e+04       1.191513252594e-02      -2.588390981468e+04       1.830302465544e-02       1.830302465544e-02 
       2.687763149736e-01       1.129190468892e-02      -2.626331313682e+04      -2.639794225019e+04       1.136696187999e-02      -2.637898702714e+04       1.746094999732e-02       1.746094999732e-02 
       2.778153592122e-01       1.077538885015e-02      -2.678245151144e+04      -2.691778605799e+04       1.084702357489e-02      -2.689860981698e+04       1.666514418531e-02       1.666514418531e-02 
       2.871786131396e-01       1.028381471025e-02      -2.730921795910e+04      -2.744537457143e+04       1.035217057217e-02      -2.742596571538e+04       1.590191713303e-02       1.590191713303e-02 
       2.968840134504e-01       9.803989449051e-03      -2.782523887701e+04      -2.796376492150e+04       9.869157066867e-03      -2.794400530037e+04       1.516026437986e-02       1.516026437986e-02 
       3.069518373994e-01       9.336765992449e-03      -2.832509256528e+04      -2.846735742390e+04       9.398826611747e-03      -2.844714460135e+04       1.443743195665e-02       1.443743195665e-02 
       3.174051432117e-01       8.887985531583e-03      -2.883069051017e+04      -2.897665368663e+04       8.947063740638e-03      -2.895598901221e+04       1.374365448466e-02       1.374365448466e-02 
       3.282703107308e-01       8.460004032326e-03      -2.935336611533e+04      -2.950191172376e+04       8.516237405519e-03      -2.948087742603e+04       1.308184314123e-02       1.308184314123e-02 
       3.395777126085e-01       8.051611852503e-03      -2.989460123632e+04      -3.004496093010e+04       8.105130168141e-03      -3.002361145854e+04       1.245019973417e-02       1.245019973417e-02 
       3.513625575094e-01       7.657909476818e-03      -3.044110835027e+04      -3.059367917757e+04       7.708810968489e-03      -3.057198165421e+04       1.184143610294e-02       1.184143610294e-02 
       3.636659628402e-01       7.275820467257e-03      -3.098280555114e+04      -3.113845516212e+04       7.324182123034e-03      -3.111634294935e+04       1.125058184693e-02       1.125058184693e-02 
       3.765363379399e-01       6.907027184360e-03      -3.153100035675e+04      -3.168991161646e+04       6.952938017422e-03      -3.166736827387e+04       1.068045927614e-02       1.068045927614e-02 
       3.900311935447e-01       6.552900334674e-03      -3.209711814147e+04      -3.225877460671e+04       6.596457268194e-03      -3.223583499462e+04       1.013285865787e-02       1.013285865787e-02 
       4.042195463226e-01       6.211111013873e-03      -3.267745817566e+04      -3.284167813247e+04       6.252396595111e-03      -3.281835199173e+04       9.604480801832e-03       9.604480801832e-03 
       4.191851695889e-01       5.879629963098e-03      -3.326616621637e+04      -3.343335944849e+04       5.918711918721e-03      -3.340961191292e+04       9.091831053995e-03       9.091831053995e-03 
       4.350310724034e-01       5.558021981611e-03      -3.386891703841e+04      -3.403931328040e+04       5.594966317632e-03      -3.401512182033e+04       8.594551525964e-03       8.594551525964e-03 
       4.518858038140e-01       5.246115304028e-03      -3.449292416501e+04      -3.466640851978e+04       5.280985951467e-03      -3.464177538254e+04       8.112122309192e-03       8.112122309192e-03 
       4.699125411327e-01       4.942063238359e-03      -3.513824869790e+04      -3.531488384551e+04       4.974912989508e-03      -3.528979730657e+04       7.641996546430e-03       7.641996546430e-03 
       4.893225536583e-01       4.644713168901e-03      -3.580840526290e+04      -3.598844210227e+04       4.675586332215e-03      -3.596287452756e+04       7.182169913343e-03       7.182169913343e-03 
       5.103957818608e-01       4.352730417771e-03      -3.650985880160e+04      -3.669342769686e+04       4.381662708697e-03      -3.666735886065e+04       6.730653302612e-03       6.730653302612e-03 
       5.335134515778e-01       4.064654755648e-03      -3.725216271984e+04      -3.743942173255e+04       4.091672354205e-03      -3.741282618562e+04       6.285234897495e-03       6.285234897495e-03 
       5.592119908069e-01       3.778243567650e-03      -3.804354801913e+04      -3.823479107853e+04       3.803357454419e-03      -3.820763007096e+04       5.842367807443e-03       5.842367807443e-03 
       5.882766979428e-01       3.491109989418e-03      -3.890055072598e+04      -3.909608527476e+04       3.514314872835e-03      -3.906831372032e+04       5.398251560808e-03       5.398251560808e-03 
       6.219142761776e-01       3.199589481824e-03      -3.984682968355e+04      -4.004711028959e+04       3.220857066327e-03      -4.001866399575e+04       4.947585156193e-03       4.947585156193e-03 
       6.620931997137e-01       2.898531867643e-03      -4.091797121205e+04      -4.112362472658e+04       2.917800587086e-03      -4.109441461329e+04       4.482665041424e-03       4.482665041424e-03 
       7.122693622254e-01       2.581688522565e-03      -4.217717477803e+04      -4.238914807780e+04       2.598850508360e-03      -4.235903976137e+04       3.992540435861e-03       3.992540435861e-03 
       7.790553876372e-01       2.237676331876e-03      -4.373465286215e+04      -4.395444786746e+04       2.252551655993e-03      -4.392322819914e+04       3.460583442847e-03       3.460583442847e-03 
       8.761460443430e-01       1.852685418239e-03      -4.579114776948e+04      -4.602128025745e+04       1.864999859316e-03      -4.598859239745e+04       2.864764013241e-03       2.864764013241e-03 
       1.030986247133e+00       1.422202495838e-03      -4.867398626958e+04      -4.891863442002e+04       1.431655646955e-03      -4.888388650368e+04       2.199134174458e-03       2.199134174458e-03 
